<div>                        <script type="text/javascript">window.PlotlyConfig = {MathJaxConfig: 'local'};</script>
        <script src="https://cdn.plot.ly/plotly-2.16.1.min.js"></script>                <div id="34f48d50-499c-467c-a41d-fe9fea1a3da6" class="plotly-graph-div" style="height:300px; width:450px;"></div>            <script type="text/javascript">                                    window.PLOTLYENV=window.PLOTLYENV || {};                                    if (document.getElementById("34f48d50-499c-467c-a41d-fe9fea1a3da6")) {                    Plotly.newPlot(                        "34f48d50-499c-467c-a41d-fe9fea1a3da6",                        [{"colorscale":[[0.0,"rgb(247,251,255)"],[0.125,"rgb(222,235,247)"],[0.25,"rgb(198,219,239)"],[0.375,"rgb(158,202,225)"],[0.5,"rgb(107,174,214)"],[0.625,"rgb(66,146,198)"],[0.75,"rgb(33,113,181)"],[0.875,"rgb(8,81,156)"],[1.0,"rgb(8,48,107)"]],"dx":0.1,"dy":0.1,"hoverlabel":{"namelength":-1},"x":[-12.0,-10.736842105263158,-9.473684210526315,-8.210526315789474,-6.947368421052632,-5.684210526315789,-4.421052631578948,-3.157894736842106,-1.8947368421052637,-0.6315789473684212,0.6315789473684212,1.894736842105262,3.1578947368421044,4.421052631578945,5.684210526315788,6.94736842105263,8.210526315789473,9.473684210526315,10.736842105263158,12.0],"y":[-12.0,-10.736842105263158,-9.473684210526315,-8.210526315789474,-6.947368421052632,-5.684210526315789,-4.421052631578948,-3.157894736842106,-1.8947368421052637,-0.6315789473684212,0.6315789473684212,1.894736842105262,3.1578947368421044,4.421052631578945,5.684210526315788,6.94736842105263,8.210526315789473,9.473684210526315,10.736842105263158,12.0],"z":[[32.0,32.0,31.119113573407198,26.465373961218837,25.002770083102494,26.731301939058174,31.65096952908587,32.0,32.0,32.0,32.0,32.0,32.0,32.0,32.0,32.0,32.0,32.0,32.0,32.0],[32.0,27.927977839335174,20.083102493074787,15.429362880886424,13.96675900277008,15.695290858725759,20.614958448753455,28.725761772853176,32.0,32.0,32.0,32.0,32.0,32.0,32.0,32.0,32.0,32.0,32.0,32.0],[31.119113573407198,20.083102493074787,12.238227146814397,7.584487534626037,6.1218836565096915,7.850415512465371,12.770083102493068,20.880886426592788,32.0,32.0,32.0,32.0,32.0,32.0,32.0,32.0,32.0,32.0,32.0,32.0],[26.465373961218837,15.429362880886424,7.584487534626037,2.930747922437675,1.4681440443213312,3.196675900277011,8.116343490304708,16.227146814404428,27.52908587257617,32.0,32.0,32.0,32.0,32.0,32.0,32.0,32.0,32.0,32.0,32.0],[25.002770083102494,13.96675900277008,6.1218836565096915,1.4681440443213312,0.005540166204987429,1.7340720221606638,6.653739612188364,14.764542936288082,26.066481994459828,32.0,32.0,32.0,32.0,32.0,32.0,32.0,32.0,32.0,32.0,32.0],[26.731301939058174,15.695290858725759,7.850415512465371,3.196675900277011,1.7340720221606638,3.4626038781163437,8.382271468144042,16.49307479224376,27.795013850415508,32.0,32.0,32.0,32.0,32.0,32.0,32.0,32.0,32.0,32.0,32.0],[31.65096952908587,20.614958448753455,12.770083102493068,8.116343490304708,6.653739612188364,8.382271468144042,13.30193905817174,21.41274238227146,32.0,31.944598337950143,31.944598337950143,32.0,32.0,32.0,32.0,32.0,32.0,32.0,32.0,32.0],[32.0,28.725761772853176,20.880886426592788,16.227146814404428,14.764542936288082,16.49307479224376,21.41274238227146,29.468144044321328,25.562326869806103,22.37119113573408,22.37119113573408,25.562326869806096,31.94459833795014,32.0,32.0,32.0,32.0,32.0,32.0,32.0],[32.0,32.0,32.0,27.52908587257617,26.066481994459828,27.795013850415508,32.0,25.562326869806103,19.180055401662052,15.98891966759003,15.98891966759003,19.180055401662045,25.562326869806093,32.0,32.0,32.0,32.0,32.0,32.0,32.0],[32.0,32.0,32.0,32.0,32.0,32.0,31.944598337950143,22.37119113573408,15.98891966759003,12.797783933518007,12.797783933518007,15.988919667590023,22.371191135734065,31.94459833795012,32.0,32.0,32.0,32.0,32.0,32.0],[32.0,32.0,32.0,32.0,32.0,32.0,31.944598337950143,22.37119113573408,15.98891966759003,12.797783933518007,12.797783933518007,15.988919667590023,22.371191135734065,31.94459833795012,32.0,32.0,32.0,32.0,32.0,32.0],[32.0,32.0,32.0,32.0,32.0,32.0,32.0,25.562326869806096,19.180055401662045,15.988919667590023,15.988919667590023,18.04432132963989,20.70360110803324,26.60941828254848,29.268698060941826,32.0,32.0,32.0,32.0,32.0],[32.0,32.0,32.0,32.0,32.0,32.0,32.0,31.94459833795014,25.562326869806093,22.371191135734065,22.371191135734065,20.70360110803324,23.362880886426588,22.886426592797783,25.54570637119113,31.396121883656505,32.0,32.0,32.0,32.0],[32.0,32.0,32.0,32.0,32.0,32.0,32.0,32.0,32.0,31.94459833795012,31.94459833795012,26.60941828254848,22.886426592797783,22.35457063711911,25.013850415512458,30.86426592797783,32.0,32.0,32.0,32.0],[32.0,32.0,32.0,32.0,32.0,32.0,32.0,32.0,32.0,32.0,32.0,29.268698060941826,25.54570637119113,25.013850415512458,27.673130193905806,32.0,32.0,32.0,32.0,32.0],[32.0,32.0,32.0,32.0,32.0,32.0,32.0,32.0,32.0,32.0,32.0,32.0,31.396121883656505,30.86426592797783,32.0,32.0,32.0,32.0,32.0,32.0],[32.0,32.0,32.0,32.0,32.0,32.0,32.0,32.0,32.0,32.0,32.0,32.0,32.0,32.0,32.0,32.0,32.0,32.0,32.0,32.0],[32.0,32.0,32.0,32.0,32.0,32.0,32.0,32.0,32.0,32.0,32.0,32.0,32.0,32.0,32.0,32.0,32.0,32.0,32.0,32.0],[32.0,32.0,32.0,32.0,32.0,32.0,32.0,32.0,32.0,32.0,32.0,32.0,32.0,32.0,32.0,32.0,32.0,32.0,32.0,32.0],[32.0,32.0,32.0,32.0,32.0,32.0,32.0,32.0,32.0,32.0,32.0,32.0,32.0,32.0,32.0,32.0,32.0,32.0,32.0,32.0]],"type":"contour"},{"hoverlabel":{"namelength":-1},"line":{"color":"black"},"mode":"markers","name":"grid search points","x":[-12.0,-12.0,-12.0,-12.0,-12.0,-12.0,-12.0,-12.0,-12.0,-12.0,-12.0,-12.0,-12.0,-12.0,-12.0,-12.0,-12.0,-12.0,-12.0,-12.0,-10.736842105263158,-10.736842105263158,-10.736842105263158,-10.736842105263158,-10.736842105263158,-10.736842105263158,-10.736842105263158,-10.736842105263158,-10.736842105263158,-10.736842105263158,-10.736842105263158,-10.736842105263158,-10.736842105263158,-10.736842105263158,-10.736842105263158,-10.736842105263158,-10.736842105263158,-10.736842105263158,-10.736842105263158,-10.736842105263158,-9.473684210526315,-9.473684210526315,-9.473684210526315,-9.473684210526315,-9.473684210526315,-9.473684210526315,-9.473684210526315,-9.473684210526315,-9.473684210526315,-9.473684210526315,-9.473684210526315,-9.473684210526315,-9.473684210526315,-9.473684210526315,-9.473684210526315,-9.473684210526315,-9.473684210526315,-9.473684210526315,-9.473684210526315,-9.473684210526315,-8.210526315789474,-8.210526315789474,-8.210526315789474,-8.210526315789474,-8.210526315789474,-8.210526315789474,-8.210526315789474,-8.210526315789474,-8.210526315789474,-8.210526315789474,-8.210526315789474,-8.210526315789474,-8.210526315789474,-8.210526315789474,-8.210526315789474,-8.210526315789474,-8.210526315789474,-8.210526315789474,-8.210526315789474,-8.210526315789474,-6.947368421052632,-6.947368421052632,-6.947368421052632,-6.947368421052632,-6.947368421052632,-6.947368421052632,-6.947368421052632,-6.947368421052632,-6.947368421052632,-6.947368421052632,-6.947368421052632,-6.947368421052632,-6.947368421052632,-6.947368421052632,-6.947368421052632,-6.947368421052632,-6.947368421052632,-6.947368421052632,-6.947368421052632,-6.947368421052632,-5.684210526315789,-5.684210526315789,-5.684210526315789,-5.684210526315789,-5.684210526315789,-5.684210526315789,-5.684210526315789,-5.684210526315789,-5.684210526315789,-5.684210526315789,-5.684210526315789,-5.684210526315789,-5.684210526315789,-5.684210526315789,-5.684210526315789,-5.684210526315789,-5.684210526315789,-5.684210526315789,-5.684210526315789,-5.684210526315789,-4.421052631578948,-4.421052631578948,-4.421052631578948,-4.421052631578948,-4.421052631578948,-4.421052631578948,-4.421052631578948,-4.421052631578948,-4.421052631578948,-4.421052631578948,-4.421052631578948,-4.421052631578948,-4.421052631578948,-4.421052631578948,-4.421052631578948,-4.421052631578948,-4.421052631578948,-4.421052631578948,-4.421052631578948,-4.421052631578948,-3.157894736842106,-3.157894736842106,-3.157894736842106,-3.157894736842106,-3.157894736842106,-3.157894736842106,-3.157894736842106,-3.157894736842106,-3.157894736842106,-3.157894736842106,-3.157894736842106,-3.157894736842106,-3.157894736842106,-3.157894736842106,-3.157894736842106,-3.157894736842106,-3.157894736842106,-3.157894736842106,-3.157894736842106,-3.157894736842106,-1.8947368421052637,-1.8947368421052637,-1.8947368421052637,-1.8947368421052637,-1.8947368421052637,-1.8947368421052637,-1.8947368421052637,-1.8947368421052637,-1.8947368421052637,-1.8947368421052637,-1.8947368421052637,-1.8947368421052637,-1.8947368421052637,-1.8947368421052637,-1.8947368421052637,-1.8947368421052637,-1.8947368421052637,-1.8947368421052637,-1.8947368421052637,-1.8947368421052637,-0.6315789473684212,-0.6315789473684212,-0.6315789473684212,-0.6315789473684212,-0.6315789473684212,-0.6315789473684212,-0.6315789473684212,-0.6315789473684212,-0.6315789473684212,-0.6315789473684212,-0.6315789473684212,-0.6315789473684212,-0.6315789473684212,-0.6315789473684212,-0.6315789473684212,-0.6315789473684212,-0.6315789473684212,-0.6315789473684212,-0.6315789473684212,-0.6315789473684212,0.6315789473684212,0.6315789473684212,0.6315789473684212,0.6315789473684212,0.6315789473684212,0.6315789473684212,0.6315789473684212,0.6315789473684212,0.6315789473684212,0.6315789473684212,0.6315789473684212,0.6315789473684212,0.6315789473684212,0.6315789473684212,0.6315789473684212,0.6315789473684212,0.6315789473684212,0.6315789473684212,0.6315789473684212,0.6315789473684212,1.894736842105262,1.894736842105262,1.894736842105262,1.894736842105262,1.894736842105262,1.894736842105262,1.894736842105262,1.894736842105262,1.894736842105262,1.894736842105262,1.894736842105262,1.894736842105262,1.894736842105262,1.894736842105262,1.894736842105262,1.894736842105262,1.894736842105262,1.894736842105262,1.894736842105262,1.894736842105262,3.1578947368421044,3.1578947368421044,3.1578947368421044,3.1578947368421044,3.1578947368421044,3.1578947368421044,3.1578947368421044,3.1578947368421044,3.1578947368421044,3.1578947368421044,3.1578947368421044,3.1578947368421044,3.1578947368421044,3.1578947368421044,3.1578947368421044,3.1578947368421044,3.1578947368421044,3.1578947368421044,3.1578947368421044,3.1578947368421044,4.421052631578945,4.421052631578945,4.421052631578945,4.421052631578945,4.421052631578945,4.421052631578945,4.421052631578945,4.421052631578945,4.421052631578945,4.421052631578945,4.421052631578945,4.421052631578945,4.421052631578945,4.421052631578945,4.421052631578945,4.421052631578945,4.421052631578945,4.421052631578945,4.421052631578945,4.421052631578945,5.684210526315788,5.684210526315788,5.684210526315788,5.684210526315788,5.684210526315788,5.684210526315788,5.684210526315788,5.684210526315788,5.684210526315788,5.684210526315788,5.684210526315788,5.684210526315788,5.684210526315788,5.684210526315788,5.684210526315788,5.684210526315788,5.684210526315788,5.684210526315788,5.684210526315788,5.684210526315788,6.94736842105263,6.94736842105263,6.94736842105263,6.94736842105263,6.94736842105263,6.94736842105263,6.94736842105263,6.94736842105263,6.94736842105263,6.94736842105263,6.94736842105263,6.94736842105263,6.94736842105263,6.94736842105263,6.94736842105263,6.94736842105263,6.94736842105263,6.94736842105263,6.94736842105263,6.94736842105263,8.210526315789473,8.210526315789473,8.210526315789473,8.210526315789473,8.210526315789473,8.210526315789473,8.210526315789473,8.210526315789473,8.210526315789473,8.210526315789473,8.210526315789473,8.210526315789473,8.210526315789473,8.210526315789473,8.210526315789473,8.210526315789473,8.210526315789473,8.210526315789473,8.210526315789473,8.210526315789473,9.473684210526315,9.473684210526315,9.473684210526315,9.473684210526315,9.473684210526315,9.473684210526315,9.473684210526315,9.473684210526315,9.473684210526315,9.473684210526315,9.473684210526315,9.473684210526315,9.473684210526315,9.473684210526315,9.473684210526315,9.473684210526315,9.473684210526315,9.473684210526315,9.473684210526315,9.473684210526315,10.736842105263158,10.736842105263158,10.736842105263158,10.736842105263158,10.736842105263158,10.736842105263158,10.736842105263158,10.736842105263158,10.736842105263158,10.736842105263158,10.736842105263158,10.736842105263158,10.736842105263158,10.736842105263158,10.736842105263158,10.736842105263158,10.736842105263158,10.736842105263158,10.736842105263158,10.736842105263158,12.0,12.0,12.0,12.0,12.0,12.0,12.0,12.0,12.0,12.0,12.0,12.0,12.0,12.0,12.0,12.0,12.0,12.0,12.0,12.0],"y":[-12.0,-10.736842105263158,-9.473684210526315,-8.210526315789474,-6.947368421052632,-5.684210526315789,-4.421052631578948,-3.157894736842106,-1.8947368421052637,-0.6315789473684212,0.6315789473684212,1.894736842105262,3.1578947368421044,4.421052631578945,5.684210526315788,6.94736842105263,8.210526315789473,9.473684210526315,10.736842105263158,12.0,-12.0,-10.736842105263158,-9.473684210526315,-8.210526315789474,-6.947368421052632,-5.684210526315789,-4.421052631578948,-3.157894736842106,-1.8947368421052637,-0.6315789473684212,0.6315789473684212,1.894736842105262,3.1578947368421044,4.421052631578945,5.684210526315788,6.94736842105263,8.210526315789473,9.473684210526315,10.736842105263158,12.0,-12.0,-10.736842105263158,-9.473684210526315,-8.210526315789474,-6.947368421052632,-5.684210526315789,-4.421052631578948,-3.157894736842106,-1.8947368421052637,-0.6315789473684212,0.6315789473684212,1.894736842105262,3.1578947368421044,4.421052631578945,5.684210526315788,6.94736842105263,8.210526315789473,9.473684210526315,10.736842105263158,12.0,-12.0,-10.736842105263158,-9.473684210526315,-8.210526315789474,-6.947368421052632,-5.684210526315789,-4.421052631578948,-3.157894736842106,-1.8947368421052637,-0.6315789473684212,0.6315789473684212,1.894736842105262,3.1578947368421044,4.421052631578945,5.684210526315788,6.94736842105263,8.210526315789473,9.473684210526315,10.736842105263158,12.0,-12.0,-10.736842105263158,-9.473684210526315,-8.210526315789474,-6.947368421052632,-5.684210526315789,-4.421052631578948,-3.157894736842106,-1.8947368421052637,-0.6315789473684212,0.6315789473684212,1.894736842105262,3.1578947368421044,4.421052631578945,5.684210526315788,6.94736842105263,8.210526315789473,9.473684210526315,10.736842105263158,12.0,-12.0,-10.736842105263158,-9.473684210526315,-8.210526315789474,-6.947368421052632,-5.684210526315789,-4.421052631578948,-3.157894736842106,-1.8947368421052637,-0.6315789473684212,0.6315789473684212,1.894736842105262,3.1578947368421044,4.421052631578945,5.684210526315788,6.94736842105263,8.210526315789473,9.473684210526315,10.736842105263158,12.0,-12.0,-10.736842105263158,-9.473684210526315,-8.210526315789474,-6.947368421052632,-5.684210526315789,-4.421052631578948,-3.157894736842106,-1.8947368421052637,-0.6315789473684212,0.6315789473684212,1.894736842105262,3.1578947368421044,4.421052631578945,5.684210526315788,6.94736842105263,8.210526315789473,9.473684210526315,10.736842105263158,12.0,-12.0,-10.736842105263158,-9.473684210526315,-8.210526315789474,-6.947368421052632,-5.684210526315789,-4.421052631578948,-3.157894736842106,-1.8947368421052637,-0.6315789473684212,0.6315789473684212,1.894736842105262,3.1578947368421044,4.421052631578945,5.684210526315788,6.94736842105263,8.210526315789473,9.473684210526315,10.736842105263158,12.0,-12.0,-10.736842105263158,-9.473684210526315,-8.210526315789474,-6.947368421052632,-5.684210526315789,-4.421052631578948,-3.157894736842106,-1.8947368421052637,-0.6315789473684212,0.6315789473684212,1.894736842105262,3.1578947368421044,4.421052631578945,5.684210526315788,6.94736842105263,8.210526315789473,9.473684210526315,10.736842105263158,12.0,-12.0,-10.736842105263158,-9.473684210526315,-8.210526315789474,-6.947368421052632,-5.684210526315789,-4.421052631578948,-3.157894736842106,-1.8947368421052637,-0.6315789473684212,0.6315789473684212,1.894736842105262,3.1578947368421044,4.421052631578945,5.684210526315788,6.94736842105263,8.210526315789473,9.473684210526315,10.736842105263158,12.0,-12.0,-10.736842105263158,-9.473684210526315,-8.210526315789474,-6.947368421052632,-5.684210526315789,-4.421052631578948,-3.157894736842106,-1.8947368421052637,-0.6315789473684212,0.6315789473684212,1.894736842105262,3.1578947368421044,4.421052631578945,5.684210526315788,6.94736842105263,8.210526315789473,9.473684210526315,10.736842105263158,12.0,-12.0,-10.736842105263158,-9.473684210526315,-8.210526315789474,-6.947368421052632,-5.684210526315789,-4.421052631578948,-3.157894736842106,-1.8947368421052637,-0.6315789473684212,0.6315789473684212,1.894736842105262,3.1578947368421044,4.421052631578945,5.684210526315788,6.94736842105263,8.210526315789473,9.473684210526315,10.736842105263158,12.0,-12.0,-10.736842105263158,-9.473684210526315,-8.210526315789474,-6.947368421052632,-5.684210526315789,-4.421052631578948,-3.157894736842106,-1.8947368421052637,-0.6315789473684212,0.6315789473684212,1.894736842105262,3.1578947368421044,4.421052631578945,5.684210526315788,6.94736842105263,8.210526315789473,9.473684210526315,10.736842105263158,12.0,-12.0,-10.736842105263158,-9.473684210526315,-8.210526315789474,-6.947368421052632,-5.684210526315789,-4.421052631578948,-3.157894736842106,-1.8947368421052637,-0.6315789473684212,0.6315789473684212,1.894736842105262,3.1578947368421044,4.421052631578945,5.684210526315788,6.94736842105263,8.210526315789473,9.473684210526315,10.736842105263158,12.0,-12.0,-10.736842105263158,-9.473684210526315,-8.210526315789474,-6.947368421052632,-5.684210526315789,-4.421052631578948,-3.157894736842106,-1.8947368421052637,-0.6315789473684212,0.6315789473684212,1.894736842105262,3.1578947368421044,4.421052631578945,5.684210526315788,6.94736842105263,8.210526315789473,9.473684210526315,10.736842105263158,12.0,-12.0,-10.736842105263158,-9.473684210526315,-8.210526315789474,-6.947368421052632,-5.684210526315789,-4.421052631578948,-3.157894736842106,-1.8947368421052637,-0.6315789473684212,0.6315789473684212,1.894736842105262,3.1578947368421044,4.421052631578945,5.684210526315788,6.94736842105263,8.210526315789473,9.473684210526315,10.736842105263158,12.0,-12.0,-10.736842105263158,-9.473684210526315,-8.210526315789474,-6.947368421052632,-5.684210526315789,-4.421052631578948,-3.157894736842106,-1.8947368421052637,-0.6315789473684212,0.6315789473684212,1.894736842105262,3.1578947368421044,4.421052631578945,5.684210526315788,6.94736842105263,8.210526315789473,9.473684210526315,10.736842105263158,12.0,-12.0,-10.736842105263158,-9.473684210526315,-8.210526315789474,-6.947368421052632,-5.684210526315789,-4.421052631578948,-3.157894736842106,-1.8947368421052637,-0.6315789473684212,0.6315789473684212,1.894736842105262,3.1578947368421044,4.421052631578945,5.684210526315788,6.94736842105263,8.210526315789473,9.473684210526315,10.736842105263158,12.0,-12.0,-10.736842105263158,-9.473684210526315,-8.210526315789474,-6.947368421052632,-5.684210526315789,-4.421052631578948,-3.157894736842106,-1.8947368421052637,-0.6315789473684212,0.6315789473684212,1.894736842105262,3.1578947368421044,4.421052631578945,5.684210526315788,6.94736842105263,8.210526315789473,9.473684210526315,10.736842105263158,12.0,-12.0,-10.736842105263158,-9.473684210526315,-8.210526315789474,-6.947368421052632,-5.684210526315789,-4.421052631578948,-3.157894736842106,-1.8947368421052637,-0.6315789473684212,0.6315789473684212,1.894736842105262,3.1578947368421044,4.421052631578945,5.684210526315788,6.94736842105263,8.210526315789473,9.473684210526315,10.736842105263158,12.0],"type":"scatter"},{"hoverlabel":{"namelength":-1},"line":{"color":"orangered"},"mode":"markers","name":"random search points","x":[-2.150095393100166,4.302652980024423,8.250139345793798,-10.935669243131889,0.9227335513575348,-1.2357041520501681,-10.420740656977792,5.922543607064945,-5.312585017300857,4.09058115414302,-2.2177055511154364,2.6097808550356056,3.6164250143677243,-10.667955646307153,-1.496682237961231,-5.531944009176408,-10.50765658893867,-2.8809348681010665,-6.9260969096169624,-8.828232974606497,-4.837715672277445,-6.054012053488367,-6.26103894688743,-11.63731111115576,-8.031357235096344,-5.791860335962661,-3.0199745517550554,-3.069514333947935,-6.915986168167895,-5.768738942759499,-4.385317258080637,-8.861561473252053,-10.86453473826419,-9.130130996464807,-7.244107967452075,-2.7271687245629046,-10.03954022309265,-8.52523142465436,-5.478843611893016,-4.82891598196947,-6.629839129976124,-8.90457821089911,-3.526453498259084,-5.252382227210287,-2.1644596294180687,-0.8379205909088281,-8.827165267035284,-10.879250174038354,-11.689851350654113,-11.422815408744771,-11.656220935463478,-11.484142370552966,-9.067963778868839,-8.59904929162397,-10.058191760909141,-10.198239988651101,-8.27073434519607,-4.372621024820457,-5.998000157316503,-5.519824892017704,-9.999793263578443,-9.47671945278703,-10.488454818490744,-10.48261109300834,-5.897298224764337,-3.815800723518409,-6.922793434135736,-7.870272774281986,-3.744939591291928,-8.096985460872688,-4.952774577179986,-9.289017190280004,-8.749385847276177,-4.9227013939605975,-7.805480727057752,-6.1118292098061,-7.999234698521789,-8.829632790244698,-7.064109710972395,-7.493277508090182,-6.724895797066819,-10.874907930738948,-5.814124096557565,-4.694093539681829,-7.494175693422957,-7.765160103971931,-5.612885515941726,-8.327408447209185,-7.362874582092395,-9.311799351047862,-8.112295671583455,-5.975835708498684,-4.525732560035019,-8.290927855788336,-9.169678832072695,-8.997875856234486,-4.661993733421574,-4.304093671824918,-0.9427446568441784,-4.740888655560379,-7.655401260158562],"y":[-1.1917417668830126,-3.425742056277114,1.6820148766334935,-11.264115992488323,-4.262437500766773,9.30356481637503,7.405834243590913,4.664909234783423,-0.747821906686081,3.780579674056744,-1.142210402537465,5.564451513873415,-2.195685141569486,-7.432309829822885,-11.906873399482068,0.24115894278707906,-6.869131913691344,1.1559116096262514,-5.131109412583335,-9.56846372698715,-5.852847043406129,-4.662940594004043,-3.0362117577957735,-6.419860456105414,-6.567808944027953,-7.599337473274323,-11.18362134593404,-9.828829214134148,-8.938334889994858,-7.016089423753013,-8.860687073056397,-7.264813755112094,-9.196864765797471,-10.908326943738016,-3.0763141281721555,-7.526994821446101,-3.9464858303336086,-5.90468033576969,-2.795595019197439,-4.049485280703888,-3.1946487961683276,-0.6335695262952612,-7.586794336233275,-6.351489922696502,-9.504825914129876,-5.165589376477151,-5.559805890510529,-5.08866312459182,-4.535636051420287,-8.74170125127561,-4.87012442825381,-2.849241264674437,-8.851431502357649,-10.667616642391248,-6.810405855530693,-5.186401649388091,-8.386406675698188,-10.831830043015646,-5.724251861318171,-1.6191194593772078,-7.555302286693511,-2.806286295924581,-7.4479507499565845,-6.986383441773766,-5.870367046804415,-7.638856559563986,-7.412155995112008,-8.286651469336563,-8.302469544466033,-5.713384188839945,-6.529231932889386,-3.526302958378701,-4.539377518506008,-5.185469413458692,-8.292137350150021,-4.501879775520277,-4.477771526912522,-2.493654694737293,-2.564298792205898,-4.327102463766223,-6.072744614254695,-4.7659084533776905,-10.72330890728654,-7.040964298249367,-7.216822954023344,-9.755132386739676,-5.574189557675175,-1.5218491974991846,-0.9536445863701761,-7.894785151486451,-6.935810480858183,-5.792961238671863,-8.60348381601552,-4.255710117692639,-4.80694482609269,-2.936643591298819,-4.3918432783551,-2.2134539352562026,-1.4398416747335094,-5.230767264362178,-9.936127429633757],"type":"scatter"}],                        {"font":{"size":10},"height":300,"hovermode":"x","margin":{"b":20,"l":40,"r":0,"t":26},"showlegend":false,"title":{"text":"Grid & random search"},"width":450,"xaxis":{"title":{"text":"x"}},"yaxis":{"title":{"text":"y"}},"template":{"data":{"histogram2dcontour":[{"type":"histogram2dcontour","colorbar":{"outlinewidth":0,"ticks":""},"colorscale":[[0.0,"#0d0887"],[0.1111111111111111,"#46039f"],[0.2222222222222222,"#7201a8"],[0.3333333333333333,"#9c179e"],[0.4444444444444444,"#bd3786"],[0.5555555555555556,"#d8576b"],[0.6666666666666666,"#ed7953"],[0.7777777777777778,"#fb9f3a"],[0.8888888888888888,"#fdca26"],[1.0,"#f0f921"]]}],"choropleth":[{"type":"choropleth","colorbar":{"outlinewidth":0,"ticks":""}}],"histogram2d":[{"type":"histogram2d","colorbar":{"outlinewidth":0,"ticks":""},"colorscale":[[0.0,"#0d0887"],[0.1111111111111111,"#46039f"],[0.2222222222222222,"#7201a8"],[0.3333333333333333,"#9c179e"],[0.4444444444444444,"#bd3786"],[0.5555555555555556,"#d8576b"],[0.6666666666666666,"#ed7953"],[0.7777777777777778,"#fb9f3a"],[0.8888888888888888,"#fdca26"],[1.0,"#f0f921"]]}],"heatmap":[{"type":"heatmap","colorbar":{"outlinewidth":0,"ticks":""},"colorscale":[[0.0,"#0d0887"],[0.1111111111111111,"#46039f"],[0.2222222222222222,"#7201a8"],[0.3333333333333333,"#9c179e"],[0.4444444444444444,"#bd3786"],[0.5555555555555556,"#d8576b"],[0.6666666666666666,"#ed7953"],[0.7777777777777778,"#fb9f3a"],[0.8888888888888888,"#fdca26"],[1.0,"#f0f921"]]}],"heatmapgl":[{"type":"heatmapgl","colorbar":{"outlinewidth":0,"ticks":""},"colorscale":[[0.0,"#0d0887"],[0.1111111111111111,"#46039f"],[0.2222222222222222,"#7201a8"],[0.3333333333333333,"#9c179e"],[0.4444444444444444,"#bd3786"],[0.5555555555555556,"#d8576b"],[0.6666666666666666,"#ed7953"],[0.7777777777777778,"#fb9f3a"],[0.8888888888888888,"#fdca26"],[1.0,"#f0f921"]]}],"contourcarpet":[{"type":"contourcarpet","colorbar":{"outlinewidth":0,"ticks":""}}],"contour":[{"type":"contour","colorbar":{"outlinewidth":0,"ticks":""},"colorscale":[[0.0,"#0d0887"],[0.1111111111111111,"#46039f"],[0.2222222222222222,"#7201a8"],[0.3333333333333333,"#9c179e"],[0.4444444444444444,"#bd3786"],[0.5555555555555556,"#d8576b"],[0.6666666666666666,"#ed7953"],[0.7777777777777778,"#fb9f3a"],[0.8888888888888888,"#fdca26"],[1.0,"#f0f921"]]}],"surface":[{"type":"surface","colorbar":{"outlinewidth":0,"ticks":""},"colorscale":[[0.0,"#0d0887"],[0.1111111111111111,"#46039f"],[0.2222222222222222,"#7201a8"],[0.3333333333333333,"#9c179e"],[0.4444444444444444,"#bd3786"],[0.5555555555555556,"#d8576b"],[0.6666666666666666,"#ed7953"],[0.7777777777777778,"#fb9f3a"],[0.8888888888888888,"#fdca26"],[1.0,"#f0f921"]]}],"mesh3d":[{"type":"mesh3d","colorbar":{"outlinewidth":0,"ticks":""}}],"scatter":[{"fillpattern":{"fillmode":"overlay","size":10,"solidity":0.2},"type":"scatter"}],"parcoords":[{"type":"parcoords","line":{"colorbar":{"outlinewidth":0,"ticks":""}}}],"scatterpolargl":[{"type":"scatterpolargl","marker":{"colorbar":{"outlinewidth":0,"ticks":""}}}],"bar":[{"error_x":{"color":"#2a3f5f"},"error_y":{"color":"#2a3f5f"},"marker":{"line":{"color":"#E5ECF6","width":0.5},"pattern":{"fillmode":"overlay","size":10,"solidity":0.2}},"type":"bar"}],"scattergeo":[{"type":"scattergeo","marker":{"colorbar":{"outlinewidth":0,"ticks":""}}}],"scatterpolar":[{"type":"scatterpolar","marker":{"colorbar":{"outlinewidth":0,"ticks":""}}}],"histogram":[{"marker":{"pattern":{"fillmode":"overlay","size":10,"solidity":0.2}},"type":"histogram"}],"scattergl":[{"type":"scattergl","marker":{"colorbar":{"outlinewidth":0,"ticks":""}}}],"scatter3d":[{"type":"scatter3d","line":{"colorbar":{"outlinewidth":0,"ticks":""}},"marker":{"colorbar":{"outlinewidth":0,"ticks":""}}}],"scattermapbox":[{"type":"scattermapbox","marker":{"colorbar":{"outlinewidth":0,"ticks":""}}}],"scatterternary":[{"type":"scatterternary","marker":{"colorbar":{"outlinewidth":0,"ticks":""}}}],"scattercarpet":[{"type":"scattercarpet","marker":{"colorbar":{"outlinewidth":0,"ticks":""}}}],"carpet":[{"aaxis":{"endlinecolor":"#2a3f5f","gridcolor":"white","linecolor":"white","minorgridcolor":"white","startlinecolor":"#2a3f5f"},"baxis":{"endlinecolor":"#2a3f5f","gridcolor":"white","linecolor":"white","minorgridcolor":"white","startlinecolor":"#2a3f5f"},"type":"carpet"}],"table":[{"cells":{"fill":{"color":"#EBF0F8"},"line":{"color":"white"}},"header":{"fill":{"color":"#C8D4E3"},"line":{"color":"white"}},"type":"table"}],"barpolar":[{"marker":{"line":{"color":"#E5ECF6","width":0.5},"pattern":{"fillmode":"overlay","size":10,"solidity":0.2}},"type":"barpolar"}],"pie":[{"automargin":true,"type":"pie"}]},"layout":{"autotypenumbers":"strict","colorway":["#636efa","#EF553B","#00cc96","#ab63fa","#FFA15A","#19d3f3","#FF6692","#B6E880","#FF97FF","#FECB52"],"font":{"color":"#2a3f5f"},"hovermode":"closest","hoverlabel":{"align":"left"},"paper_bgcolor":"white","plot_bgcolor":"#E5ECF6","polar":{"bgcolor":"#E5ECF6","angularaxis":{"gridcolor":"white","linecolor":"white","ticks":""},"radialaxis":{"gridcolor":"white","linecolor":"white","ticks":""}},"ternary":{"bgcolor":"#E5ECF6","aaxis":{"gridcolor":"white","linecolor":"white","ticks":""},"baxis":{"gridcolor":"white","linecolor":"white","ticks":""},"caxis":{"gridcolor":"white","linecolor":"white","ticks":""}},"coloraxis":{"colorbar":{"outlinewidth":0,"ticks":""}},"colorscale":{"sequential":[[0.0,"#0d0887"],[0.1111111111111111,"#46039f"],[0.2222222222222222,"#7201a8"],[0.3333333333333333,"#9c179e"],[0.4444444444444444,"#bd3786"],[0.5555555555555556,"#d8576b"],[0.6666666666666666,"#ed7953"],[0.7777777777777778,"#fb9f3a"],[0.8888888888888888,"#fdca26"],[1.0,"#f0f921"]],"sequentialminus":[[0.0,"#0d0887"],[0.1111111111111111,"#46039f"],[0.2222222222222222,"#7201a8"],[0.3333333333333333,"#9c179e"],[0.4444444444444444,"#bd3786"],[0.5555555555555556,"#d8576b"],[0.6666666666666666,"#ed7953"],[0.7777777777777778,"#fb9f3a"],[0.8888888888888888,"#fdca26"],[1.0,"#f0f921"]],"diverging":[[0,"#8e0152"],[0.1,"#c51b7d"],[0.2,"#de77ae"],[0.3,"#f1b6da"],[0.4,"#fde0ef"],[0.5,"#f7f7f7"],[0.6,"#e6f5d0"],[0.7,"#b8e186"],[0.8,"#7fbc41"],[0.9,"#4d9221"],[1,"#276419"]]},"xaxis":{"gridcolor":"white","linecolor":"white","ticks":"","title":{"standoff":15},"zerolinecolor":"white","automargin":true,"zerolinewidth":2},"yaxis":{"gridcolor":"white","linecolor":"white","ticks":"","title":{"standoff":15},"zerolinecolor":"white","automargin":true,"zerolinewidth":2},"scene":{"xaxis":{"backgroundcolor":"#E5ECF6","gridcolor":"white","linecolor":"white","showbackground":true,"ticks":"","zerolinecolor":"white","gridwidth":2},"yaxis":{"backgroundcolor":"#E5ECF6","gridcolor":"white","linecolor":"white","showbackground":true,"ticks":"","zerolinecolor":"white","gridwidth":2},"zaxis":{"backgroundcolor":"#E5ECF6","gridcolor":"white","linecolor":"white","showbackground":true,"ticks":"","zerolinecolor":"white","gridwidth":2}},"shapedefaults":{"line":{"color":"#2a3f5f"}},"annotationdefaults":{"arrowcolor":"#2a3f5f","arrowhead":0,"arrowwidth":1},"geo":{"bgcolor":"white","landcolor":"#E5ECF6","subunitcolor":"white","showland":true,"showlakes":true,"lakecolor":"white"},"title":{"x":0.05},"mapbox":{"style":"light"}}}},                        {"responsive": true}                    )                };                            </script>        </div>