<div>                        <script type="text/javascript">window.PlotlyConfig = {MathJaxConfig: 'local'};</script>
        <script src="https://cdn.plot.ly/plotly-2.16.1.min.js"></script>                <div id="fe17b6e9-a185-4866-a182-b221ebe63783" class="plotly-graph-div" style="height:300px; width:450px;"></div>            <script type="text/javascript">                                    window.PLOTLYENV=window.PLOTLYENV || {};                                    if (document.getElementById("fe17b6e9-a185-4866-a182-b221ebe63783")) {                    Plotly.newPlot(                        "fe17b6e9-a185-4866-a182-b221ebe63783",                        [{"colorscale":[[0.0,"rgb(247,251,255)"],[0.125,"rgb(222,235,247)"],[0.25,"rgb(198,219,239)"],[0.375,"rgb(158,202,225)"],[0.5,"rgb(107,174,214)"],[0.625,"rgb(66,146,198)"],[0.75,"rgb(33,113,181)"],[0.875,"rgb(8,81,156)"],[1.0,"rgb(8,48,107)"]],"dx":0.1,"dy":0.1,"hoverlabel":{"namelength":-1},"x":[-12.0,-10.736842105263158,-9.473684210526315,-8.210526315789474,-6.947368421052632,-5.684210526315789,-4.421052631578948,-3.157894736842106,-1.8947368421052637,-0.6315789473684212,0.6315789473684212,1.894736842105262,3.1578947368421044,4.421052631578945,5.684210526315788,6.94736842105263,8.210526315789473,9.473684210526315,10.736842105263158,12.0],"y":[-12.0,-10.736842105263158,-9.473684210526315,-8.210526315789474,-6.947368421052632,-5.684210526315789,-4.421052631578948,-3.157894736842106,-1.8947368421052637,-0.6315789473684212,0.6315789473684212,1.894736842105262,3.1578947368421044,4.421052631578945,5.684210526315788,6.94736842105263,8.210526315789473,9.473684210526315,10.736842105263158,12.0],"z":[[32.0,32.0,31.119113573407198,26.465373961218837,25.002770083102494,26.731301939058174,31.65096952908587,32.0,32.0,32.0,32.0,32.0,32.0,32.0,32.0,32.0,32.0,32.0,32.0,32.0],[32.0,27.927977839335174,20.083102493074787,15.429362880886424,13.96675900277008,15.695290858725759,20.614958448753455,28.725761772853176,32.0,32.0,32.0,32.0,32.0,32.0,32.0,32.0,32.0,32.0,32.0,32.0],[31.119113573407198,20.083102493074787,12.238227146814397,7.584487534626037,6.1218836565096915,7.850415512465371,12.770083102493068,20.880886426592788,32.0,32.0,32.0,32.0,32.0,32.0,32.0,32.0,32.0,32.0,32.0,32.0],[26.465373961218837,15.429362880886424,7.584487534626037,2.930747922437675,1.4681440443213312,3.196675900277011,8.116343490304708,16.227146814404428,27.52908587257617,32.0,32.0,32.0,32.0,32.0,32.0,32.0,32.0,32.0,32.0,32.0],[25.002770083102494,13.96675900277008,6.1218836565096915,1.4681440443213312,0.005540166204987429,1.7340720221606638,6.653739612188364,14.764542936288082,26.066481994459828,32.0,32.0,32.0,32.0,32.0,32.0,32.0,32.0,32.0,32.0,32.0],[26.731301939058174,15.695290858725759,7.850415512465371,3.196675900277011,1.7340720221606638,3.4626038781163437,8.382271468144042,16.49307479224376,27.795013850415508,32.0,32.0,32.0,32.0,32.0,32.0,32.0,32.0,32.0,32.0,32.0],[31.65096952908587,20.614958448753455,12.770083102493068,8.116343490304708,6.653739612188364,8.382271468144042,13.30193905817174,21.41274238227146,32.0,31.944598337950143,31.944598337950143,32.0,32.0,32.0,32.0,32.0,32.0,32.0,32.0,32.0],[32.0,28.725761772853176,20.880886426592788,16.227146814404428,14.764542936288082,16.49307479224376,21.41274238227146,29.468144044321328,25.562326869806103,22.37119113573408,22.37119113573408,25.562326869806096,31.94459833795014,32.0,32.0,32.0,32.0,32.0,32.0,32.0],[32.0,32.0,32.0,27.52908587257617,26.066481994459828,27.795013850415508,32.0,25.562326869806103,19.180055401662052,15.98891966759003,15.98891966759003,19.180055401662045,25.562326869806093,32.0,32.0,32.0,32.0,32.0,32.0,32.0],[32.0,32.0,32.0,32.0,32.0,32.0,31.944598337950143,22.37119113573408,15.98891966759003,12.797783933518007,12.797783933518007,15.988919667590023,22.371191135734065,31.94459833795012,32.0,32.0,32.0,32.0,32.0,32.0],[32.0,32.0,32.0,32.0,32.0,32.0,31.944598337950143,22.37119113573408,15.98891966759003,12.797783933518007,12.797783933518007,15.988919667590023,22.371191135734065,31.94459833795012,32.0,32.0,32.0,32.0,32.0,32.0],[32.0,32.0,32.0,32.0,32.0,32.0,32.0,25.562326869806096,19.180055401662045,15.988919667590023,15.988919667590023,18.04432132963989,20.70360110803324,26.60941828254848,29.268698060941826,32.0,32.0,32.0,32.0,32.0],[32.0,32.0,32.0,32.0,32.0,32.0,32.0,31.94459833795014,25.562326869806093,22.371191135734065,22.371191135734065,20.70360110803324,23.362880886426588,22.886426592797783,25.54570637119113,31.396121883656505,32.0,32.0,32.0,32.0],[32.0,32.0,32.0,32.0,32.0,32.0,32.0,32.0,32.0,31.94459833795012,31.94459833795012,26.60941828254848,22.886426592797783,22.35457063711911,25.013850415512458,30.86426592797783,32.0,32.0,32.0,32.0],[32.0,32.0,32.0,32.0,32.0,32.0,32.0,32.0,32.0,32.0,32.0,29.268698060941826,25.54570637119113,25.013850415512458,27.673130193905806,32.0,32.0,32.0,32.0,32.0],[32.0,32.0,32.0,32.0,32.0,32.0,32.0,32.0,32.0,32.0,32.0,32.0,31.396121883656505,30.86426592797783,32.0,32.0,32.0,32.0,32.0,32.0],[32.0,32.0,32.0,32.0,32.0,32.0,32.0,32.0,32.0,32.0,32.0,32.0,32.0,32.0,32.0,32.0,32.0,32.0,32.0,32.0],[32.0,32.0,32.0,32.0,32.0,32.0,32.0,32.0,32.0,32.0,32.0,32.0,32.0,32.0,32.0,32.0,32.0,32.0,32.0,32.0],[32.0,32.0,32.0,32.0,32.0,32.0,32.0,32.0,32.0,32.0,32.0,32.0,32.0,32.0,32.0,32.0,32.0,32.0,32.0,32.0],[32.0,32.0,32.0,32.0,32.0,32.0,32.0,32.0,32.0,32.0,32.0,32.0,32.0,32.0,32.0,32.0,32.0,32.0,32.0,32.0]],"type":"contour"},{"hoverlabel":{"namelength":-1},"line":{"color":"black"},"mode":"markers","name":"grid search points","x":[-12.0,-12.0,-12.0,-12.0,-12.0,-12.0,-12.0,-12.0,-12.0,-12.0,-12.0,-12.0,-12.0,-12.0,-12.0,-12.0,-12.0,-12.0,-12.0,-12.0,-10.736842105263158,-10.736842105263158,-10.736842105263158,-10.736842105263158,-10.736842105263158,-10.736842105263158,-10.736842105263158,-10.736842105263158,-10.736842105263158,-10.736842105263158,-10.736842105263158,-10.736842105263158,-10.736842105263158,-10.736842105263158,-10.736842105263158,-10.736842105263158,-10.736842105263158,-10.736842105263158,-10.736842105263158,-10.736842105263158,-9.473684210526315,-9.473684210526315,-9.473684210526315,-9.473684210526315,-9.473684210526315,-9.473684210526315,-9.473684210526315,-9.473684210526315,-9.473684210526315,-9.473684210526315,-9.473684210526315,-9.473684210526315,-9.473684210526315,-9.473684210526315,-9.473684210526315,-9.473684210526315,-9.473684210526315,-9.473684210526315,-9.473684210526315,-9.473684210526315,-8.210526315789474,-8.210526315789474,-8.210526315789474,-8.210526315789474,-8.210526315789474,-8.210526315789474,-8.210526315789474,-8.210526315789474,-8.210526315789474,-8.210526315789474,-8.210526315789474,-8.210526315789474,-8.210526315789474,-8.210526315789474,-8.210526315789474,-8.210526315789474,-8.210526315789474,-8.210526315789474,-8.210526315789474,-8.210526315789474,-6.947368421052632,-6.947368421052632,-6.947368421052632,-6.947368421052632,-6.947368421052632,-6.947368421052632,-6.947368421052632,-6.947368421052632,-6.947368421052632,-6.947368421052632,-6.947368421052632,-6.947368421052632,-6.947368421052632,-6.947368421052632,-6.947368421052632,-6.947368421052632,-6.947368421052632,-6.947368421052632,-6.947368421052632,-6.947368421052632,-5.684210526315789,-5.684210526315789,-5.684210526315789,-5.684210526315789,-5.684210526315789,-5.684210526315789,-5.684210526315789,-5.684210526315789,-5.684210526315789,-5.684210526315789,-5.684210526315789,-5.684210526315789,-5.684210526315789,-5.684210526315789,-5.684210526315789,-5.684210526315789,-5.684210526315789,-5.684210526315789,-5.684210526315789,-5.684210526315789,-4.421052631578948,-4.421052631578948,-4.421052631578948,-4.421052631578948,-4.421052631578948,-4.421052631578948,-4.421052631578948,-4.421052631578948,-4.421052631578948,-4.421052631578948,-4.421052631578948,-4.421052631578948,-4.421052631578948,-4.421052631578948,-4.421052631578948,-4.421052631578948,-4.421052631578948,-4.421052631578948,-4.421052631578948,-4.421052631578948,-3.157894736842106,-3.157894736842106,-3.157894736842106,-3.157894736842106,-3.157894736842106,-3.157894736842106,-3.157894736842106,-3.157894736842106,-3.157894736842106,-3.157894736842106,-3.157894736842106,-3.157894736842106,-3.157894736842106,-3.157894736842106,-3.157894736842106,-3.157894736842106,-3.157894736842106,-3.157894736842106,-3.157894736842106,-3.157894736842106,-1.8947368421052637,-1.8947368421052637,-1.8947368421052637,-1.8947368421052637,-1.8947368421052637,-1.8947368421052637,-1.8947368421052637,-1.8947368421052637,-1.8947368421052637,-1.8947368421052637,-1.8947368421052637,-1.8947368421052637,-1.8947368421052637,-1.8947368421052637,-1.8947368421052637,-1.8947368421052637,-1.8947368421052637,-1.8947368421052637,-1.8947368421052637,-1.8947368421052637,-0.6315789473684212,-0.6315789473684212,-0.6315789473684212,-0.6315789473684212,-0.6315789473684212,-0.6315789473684212,-0.6315789473684212,-0.6315789473684212,-0.6315789473684212,-0.6315789473684212,-0.6315789473684212,-0.6315789473684212,-0.6315789473684212,-0.6315789473684212,-0.6315789473684212,-0.6315789473684212,-0.6315789473684212,-0.6315789473684212,-0.6315789473684212,-0.6315789473684212,0.6315789473684212,0.6315789473684212,0.6315789473684212,0.6315789473684212,0.6315789473684212,0.6315789473684212,0.6315789473684212,0.6315789473684212,0.6315789473684212,0.6315789473684212,0.6315789473684212,0.6315789473684212,0.6315789473684212,0.6315789473684212,0.6315789473684212,0.6315789473684212,0.6315789473684212,0.6315789473684212,0.6315789473684212,0.6315789473684212,1.894736842105262,1.894736842105262,1.894736842105262,1.894736842105262,1.894736842105262,1.894736842105262,1.894736842105262,1.894736842105262,1.894736842105262,1.894736842105262,1.894736842105262,1.894736842105262,1.894736842105262,1.894736842105262,1.894736842105262,1.894736842105262,1.894736842105262,1.894736842105262,1.894736842105262,1.894736842105262,3.1578947368421044,3.1578947368421044,3.1578947368421044,3.1578947368421044,3.1578947368421044,3.1578947368421044,3.1578947368421044,3.1578947368421044,3.1578947368421044,3.1578947368421044,3.1578947368421044,3.1578947368421044,3.1578947368421044,3.1578947368421044,3.1578947368421044,3.1578947368421044,3.1578947368421044,3.1578947368421044,3.1578947368421044,3.1578947368421044,4.421052631578945,4.421052631578945,4.421052631578945,4.421052631578945,4.421052631578945,4.421052631578945,4.421052631578945,4.421052631578945,4.421052631578945,4.421052631578945,4.421052631578945,4.421052631578945,4.421052631578945,4.421052631578945,4.421052631578945,4.421052631578945,4.421052631578945,4.421052631578945,4.421052631578945,4.421052631578945,5.684210526315788,5.684210526315788,5.684210526315788,5.684210526315788,5.684210526315788,5.684210526315788,5.684210526315788,5.684210526315788,5.684210526315788,5.684210526315788,5.684210526315788,5.684210526315788,5.684210526315788,5.684210526315788,5.684210526315788,5.684210526315788,5.684210526315788,5.684210526315788,5.684210526315788,5.684210526315788,6.94736842105263,6.94736842105263,6.94736842105263,6.94736842105263,6.94736842105263,6.94736842105263,6.94736842105263,6.94736842105263,6.94736842105263,6.94736842105263,6.94736842105263,6.94736842105263,6.94736842105263,6.94736842105263,6.94736842105263,6.94736842105263,6.94736842105263,6.94736842105263,6.94736842105263,6.94736842105263,8.210526315789473,8.210526315789473,8.210526315789473,8.210526315789473,8.210526315789473,8.210526315789473,8.210526315789473,8.210526315789473,8.210526315789473,8.210526315789473,8.210526315789473,8.210526315789473,8.210526315789473,8.210526315789473,8.210526315789473,8.210526315789473,8.210526315789473,8.210526315789473,8.210526315789473,8.210526315789473,9.473684210526315,9.473684210526315,9.473684210526315,9.473684210526315,9.473684210526315,9.473684210526315,9.473684210526315,9.473684210526315,9.473684210526315,9.473684210526315,9.473684210526315,9.473684210526315,9.473684210526315,9.473684210526315,9.473684210526315,9.473684210526315,9.473684210526315,9.473684210526315,9.473684210526315,9.473684210526315,10.736842105263158,10.736842105263158,10.736842105263158,10.736842105263158,10.736842105263158,10.736842105263158,10.736842105263158,10.736842105263158,10.736842105263158,10.736842105263158,10.736842105263158,10.736842105263158,10.736842105263158,10.736842105263158,10.736842105263158,10.736842105263158,10.736842105263158,10.736842105263158,10.736842105263158,10.736842105263158,12.0,12.0,12.0,12.0,12.0,12.0,12.0,12.0,12.0,12.0,12.0,12.0,12.0,12.0,12.0,12.0,12.0,12.0,12.0,12.0],"y":[-12.0,-10.736842105263158,-9.473684210526315,-8.210526315789474,-6.947368421052632,-5.684210526315789,-4.421052631578948,-3.157894736842106,-1.8947368421052637,-0.6315789473684212,0.6315789473684212,1.894736842105262,3.1578947368421044,4.421052631578945,5.684210526315788,6.94736842105263,8.210526315789473,9.473684210526315,10.736842105263158,12.0,-12.0,-10.736842105263158,-9.473684210526315,-8.210526315789474,-6.947368421052632,-5.684210526315789,-4.421052631578948,-3.157894736842106,-1.8947368421052637,-0.6315789473684212,0.6315789473684212,1.894736842105262,3.1578947368421044,4.421052631578945,5.684210526315788,6.94736842105263,8.210526315789473,9.473684210526315,10.736842105263158,12.0,-12.0,-10.736842105263158,-9.473684210526315,-8.210526315789474,-6.947368421052632,-5.684210526315789,-4.421052631578948,-3.157894736842106,-1.8947368421052637,-0.6315789473684212,0.6315789473684212,1.894736842105262,3.1578947368421044,4.421052631578945,5.684210526315788,6.94736842105263,8.210526315789473,9.473684210526315,10.736842105263158,12.0,-12.0,-10.736842105263158,-9.473684210526315,-8.210526315789474,-6.947368421052632,-5.684210526315789,-4.421052631578948,-3.157894736842106,-1.8947368421052637,-0.6315789473684212,0.6315789473684212,1.894736842105262,3.1578947368421044,4.421052631578945,5.684210526315788,6.94736842105263,8.210526315789473,9.473684210526315,10.736842105263158,12.0,-12.0,-10.736842105263158,-9.473684210526315,-8.210526315789474,-6.947368421052632,-5.684210526315789,-4.421052631578948,-3.157894736842106,-1.8947368421052637,-0.6315789473684212,0.6315789473684212,1.894736842105262,3.1578947368421044,4.421052631578945,5.684210526315788,6.94736842105263,8.210526315789473,9.473684210526315,10.736842105263158,12.0,-12.0,-10.736842105263158,-9.473684210526315,-8.210526315789474,-6.947368421052632,-5.684210526315789,-4.421052631578948,-3.157894736842106,-1.8947368421052637,-0.6315789473684212,0.6315789473684212,1.894736842105262,3.1578947368421044,4.421052631578945,5.684210526315788,6.94736842105263,8.210526315789473,9.473684210526315,10.736842105263158,12.0,-12.0,-10.736842105263158,-9.473684210526315,-8.210526315789474,-6.947368421052632,-5.684210526315789,-4.421052631578948,-3.157894736842106,-1.8947368421052637,-0.6315789473684212,0.6315789473684212,1.894736842105262,3.1578947368421044,4.421052631578945,5.684210526315788,6.94736842105263,8.210526315789473,9.473684210526315,10.736842105263158,12.0,-12.0,-10.736842105263158,-9.473684210526315,-8.210526315789474,-6.947368421052632,-5.684210526315789,-4.421052631578948,-3.157894736842106,-1.8947368421052637,-0.6315789473684212,0.6315789473684212,1.894736842105262,3.1578947368421044,4.421052631578945,5.684210526315788,6.94736842105263,8.210526315789473,9.473684210526315,10.736842105263158,12.0,-12.0,-10.736842105263158,-9.473684210526315,-8.210526315789474,-6.947368421052632,-5.684210526315789,-4.421052631578948,-3.157894736842106,-1.8947368421052637,-0.6315789473684212,0.6315789473684212,1.894736842105262,3.1578947368421044,4.421052631578945,5.684210526315788,6.94736842105263,8.210526315789473,9.473684210526315,10.736842105263158,12.0,-12.0,-10.736842105263158,-9.473684210526315,-8.210526315789474,-6.947368421052632,-5.684210526315789,-4.421052631578948,-3.157894736842106,-1.8947368421052637,-0.6315789473684212,0.6315789473684212,1.894736842105262,3.1578947368421044,4.421052631578945,5.684210526315788,6.94736842105263,8.210526315789473,9.473684210526315,10.736842105263158,12.0,-12.0,-10.736842105263158,-9.473684210526315,-8.210526315789474,-6.947368421052632,-5.684210526315789,-4.421052631578948,-3.157894736842106,-1.8947368421052637,-0.6315789473684212,0.6315789473684212,1.894736842105262,3.1578947368421044,4.421052631578945,5.684210526315788,6.94736842105263,8.210526315789473,9.473684210526315,10.736842105263158,12.0,-12.0,-10.736842105263158,-9.473684210526315,-8.210526315789474,-6.947368421052632,-5.684210526315789,-4.421052631578948,-3.157894736842106,-1.8947368421052637,-0.6315789473684212,0.6315789473684212,1.894736842105262,3.1578947368421044,4.421052631578945,5.684210526315788,6.94736842105263,8.210526315789473,9.473684210526315,10.736842105263158,12.0,-12.0,-10.736842105263158,-9.473684210526315,-8.210526315789474,-6.947368421052632,-5.684210526315789,-4.421052631578948,-3.157894736842106,-1.8947368421052637,-0.6315789473684212,0.6315789473684212,1.894736842105262,3.1578947368421044,4.421052631578945,5.684210526315788,6.94736842105263,8.210526315789473,9.473684210526315,10.736842105263158,12.0,-12.0,-10.736842105263158,-9.473684210526315,-8.210526315789474,-6.947368421052632,-5.684210526315789,-4.421052631578948,-3.157894736842106,-1.8947368421052637,-0.6315789473684212,0.6315789473684212,1.894736842105262,3.1578947368421044,4.421052631578945,5.684210526315788,6.94736842105263,8.210526315789473,9.473684210526315,10.736842105263158,12.0,-12.0,-10.736842105263158,-9.473684210526315,-8.210526315789474,-6.947368421052632,-5.684210526315789,-4.421052631578948,-3.157894736842106,-1.8947368421052637,-0.6315789473684212,0.6315789473684212,1.894736842105262,3.1578947368421044,4.421052631578945,5.684210526315788,6.94736842105263,8.210526315789473,9.473684210526315,10.736842105263158,12.0,-12.0,-10.736842105263158,-9.473684210526315,-8.210526315789474,-6.947368421052632,-5.684210526315789,-4.421052631578948,-3.157894736842106,-1.8947368421052637,-0.6315789473684212,0.6315789473684212,1.894736842105262,3.1578947368421044,4.421052631578945,5.684210526315788,6.94736842105263,8.210526315789473,9.473684210526315,10.736842105263158,12.0,-12.0,-10.736842105263158,-9.473684210526315,-8.210526315789474,-6.947368421052632,-5.684210526315789,-4.421052631578948,-3.157894736842106,-1.8947368421052637,-0.6315789473684212,0.6315789473684212,1.894736842105262,3.1578947368421044,4.421052631578945,5.684210526315788,6.94736842105263,8.210526315789473,9.473684210526315,10.736842105263158,12.0,-12.0,-10.736842105263158,-9.473684210526315,-8.210526315789474,-6.947368421052632,-5.684210526315789,-4.421052631578948,-3.157894736842106,-1.8947368421052637,-0.6315789473684212,0.6315789473684212,1.894736842105262,3.1578947368421044,4.421052631578945,5.684210526315788,6.94736842105263,8.210526315789473,9.473684210526315,10.736842105263158,12.0,-12.0,-10.736842105263158,-9.473684210526315,-8.210526315789474,-6.947368421052632,-5.684210526315789,-4.421052631578948,-3.157894736842106,-1.8947368421052637,-0.6315789473684212,0.6315789473684212,1.894736842105262,3.1578947368421044,4.421052631578945,5.684210526315788,6.94736842105263,8.210526315789473,9.473684210526315,10.736842105263158,12.0,-12.0,-10.736842105263158,-9.473684210526315,-8.210526315789474,-6.947368421052632,-5.684210526315789,-4.421052631578948,-3.157894736842106,-1.8947368421052637,-0.6315789473684212,0.6315789473684212,1.894736842105262,3.1578947368421044,4.421052631578945,5.684210526315788,6.94736842105263,8.210526315789473,9.473684210526315,10.736842105263158,12.0],"type":"scatter"}],                        {"font":{"size":10},"height":300,"hovermode":"x","margin":{"b":20,"l":40,"r":0,"t":26},"showlegend":false,"title":{"text":"Grid search"},"width":450,"xaxis":{"title":{"text":"x"}},"yaxis":{"title":{"text":"y"}},"template":{"data":{"histogram2dcontour":[{"type":"histogram2dcontour","colorbar":{"outlinewidth":0,"ticks":""},"colorscale":[[0.0,"#0d0887"],[0.1111111111111111,"#46039f"],[0.2222222222222222,"#7201a8"],[0.3333333333333333,"#9c179e"],[0.4444444444444444,"#bd3786"],[0.5555555555555556,"#d8576b"],[0.6666666666666666,"#ed7953"],[0.7777777777777778,"#fb9f3a"],[0.8888888888888888,"#fdca26"],[1.0,"#f0f921"]]}],"choropleth":[{"type":"choropleth","colorbar":{"outlinewidth":0,"ticks":""}}],"histogram2d":[{"type":"histogram2d","colorbar":{"outlinewidth":0,"ticks":""},"colorscale":[[0.0,"#0d0887"],[0.1111111111111111,"#46039f"],[0.2222222222222222,"#7201a8"],[0.3333333333333333,"#9c179e"],[0.4444444444444444,"#bd3786"],[0.5555555555555556,"#d8576b"],[0.6666666666666666,"#ed7953"],[0.7777777777777778,"#fb9f3a"],[0.8888888888888888,"#fdca26"],[1.0,"#f0f921"]]}],"heatmap":[{"type":"heatmap","colorbar":{"outlinewidth":0,"ticks":""},"colorscale":[[0.0,"#0d0887"],[0.1111111111111111,"#46039f"],[0.2222222222222222,"#7201a8"],[0.3333333333333333,"#9c179e"],[0.4444444444444444,"#bd3786"],[0.5555555555555556,"#d8576b"],[0.6666666666666666,"#ed7953"],[0.7777777777777778,"#fb9f3a"],[0.8888888888888888,"#fdca26"],[1.0,"#f0f921"]]}],"heatmapgl":[{"type":"heatmapgl","colorbar":{"outlinewidth":0,"ticks":""},"colorscale":[[0.0,"#0d0887"],[0.1111111111111111,"#46039f"],[0.2222222222222222,"#7201a8"],[0.3333333333333333,"#9c179e"],[0.4444444444444444,"#bd3786"],[0.5555555555555556,"#d8576b"],[0.6666666666666666,"#ed7953"],[0.7777777777777778,"#fb9f3a"],[0.8888888888888888,"#fdca26"],[1.0,"#f0f921"]]}],"contourcarpet":[{"type":"contourcarpet","colorbar":{"outlinewidth":0,"ticks":""}}],"contour":[{"type":"contour","colorbar":{"outlinewidth":0,"ticks":""},"colorscale":[[0.0,"#0d0887"],[0.1111111111111111,"#46039f"],[0.2222222222222222,"#7201a8"],[0.3333333333333333,"#9c179e"],[0.4444444444444444,"#bd3786"],[0.5555555555555556,"#d8576b"],[0.6666666666666666,"#ed7953"],[0.7777777777777778,"#fb9f3a"],[0.8888888888888888,"#fdca26"],[1.0,"#f0f921"]]}],"surface":[{"type":"surface","colorbar":{"outlinewidth":0,"ticks":""},"colorscale":[[0.0,"#0d0887"],[0.1111111111111111,"#46039f"],[0.2222222222222222,"#7201a8"],[0.3333333333333333,"#9c179e"],[0.4444444444444444,"#bd3786"],[0.5555555555555556,"#d8576b"],[0.6666666666666666,"#ed7953"],[0.7777777777777778,"#fb9f3a"],[0.8888888888888888,"#fdca26"],[1.0,"#f0f921"]]}],"mesh3d":[{"type":"mesh3d","colorbar":{"outlinewidth":0,"ticks":""}}],"scatter":[{"fillpattern":{"fillmode":"overlay","size":10,"solidity":0.2},"type":"scatter"}],"parcoords":[{"type":"parcoords","line":{"colorbar":{"outlinewidth":0,"ticks":""}}}],"scatterpolargl":[{"type":"scatterpolargl","marker":{"colorbar":{"outlinewidth":0,"ticks":""}}}],"bar":[{"error_x":{"color":"#2a3f5f"},"error_y":{"color":"#2a3f5f"},"marker":{"line":{"color":"#E5ECF6","width":0.5},"pattern":{"fillmode":"overlay","size":10,"solidity":0.2}},"type":"bar"}],"scattergeo":[{"type":"scattergeo","marker":{"colorbar":{"outlinewidth":0,"ticks":""}}}],"scatterpolar":[{"type":"scatterpolar","marker":{"colorbar":{"outlinewidth":0,"ticks":""}}}],"histogram":[{"marker":{"pattern":{"fillmode":"overlay","size":10,"solidity":0.2}},"type":"histogram"}],"scattergl":[{"type":"scattergl","marker":{"colorbar":{"outlinewidth":0,"ticks":""}}}],"scatter3d":[{"type":"scatter3d","line":{"colorbar":{"outlinewidth":0,"ticks":""}},"marker":{"colorbar":{"outlinewidth":0,"ticks":""}}}],"scattermapbox":[{"type":"scattermapbox","marker":{"colorbar":{"outlinewidth":0,"ticks":""}}}],"scatterternary":[{"type":"scatterternary","marker":{"colorbar":{"outlinewidth":0,"ticks":""}}}],"scattercarpet":[{"type":"scattercarpet","marker":{"colorbar":{"outlinewidth":0,"ticks":""}}}],"carpet":[{"aaxis":{"endlinecolor":"#2a3f5f","gridcolor":"white","linecolor":"white","minorgridcolor":"white","startlinecolor":"#2a3f5f"},"baxis":{"endlinecolor":"#2a3f5f","gridcolor":"white","linecolor":"white","minorgridcolor":"white","startlinecolor":"#2a3f5f"},"type":"carpet"}],"table":[{"cells":{"fill":{"color":"#EBF0F8"},"line":{"color":"white"}},"header":{"fill":{"color":"#C8D4E3"},"line":{"color":"white"}},"type":"table"}],"barpolar":[{"marker":{"line":{"color":"#E5ECF6","width":0.5},"pattern":{"fillmode":"overlay","size":10,"solidity":0.2}},"type":"barpolar"}],"pie":[{"automargin":true,"type":"pie"}]},"layout":{"autotypenumbers":"strict","colorway":["#636efa","#EF553B","#00cc96","#ab63fa","#FFA15A","#19d3f3","#FF6692","#B6E880","#FF97FF","#FECB52"],"font":{"color":"#2a3f5f"},"hovermode":"closest","hoverlabel":{"align":"left"},"paper_bgcolor":"white","plot_bgcolor":"#E5ECF6","polar":{"bgcolor":"#E5ECF6","angularaxis":{"gridcolor":"white","linecolor":"white","ticks":""},"radialaxis":{"gridcolor":"white","linecolor":"white","ticks":""}},"ternary":{"bgcolor":"#E5ECF6","aaxis":{"gridcolor":"white","linecolor":"white","ticks":""},"baxis":{"gridcolor":"white","linecolor":"white","ticks":""},"caxis":{"gridcolor":"white","linecolor":"white","ticks":""}},"coloraxis":{"colorbar":{"outlinewidth":0,"ticks":""}},"colorscale":{"sequential":[[0.0,"#0d0887"],[0.1111111111111111,"#46039f"],[0.2222222222222222,"#7201a8"],[0.3333333333333333,"#9c179e"],[0.4444444444444444,"#bd3786"],[0.5555555555555556,"#d8576b"],[0.6666666666666666,"#ed7953"],[0.7777777777777778,"#fb9f3a"],[0.8888888888888888,"#fdca26"],[1.0,"#f0f921"]],"sequentialminus":[[0.0,"#0d0887"],[0.1111111111111111,"#46039f"],[0.2222222222222222,"#7201a8"],[0.3333333333333333,"#9c179e"],[0.4444444444444444,"#bd3786"],[0.5555555555555556,"#d8576b"],[0.6666666666666666,"#ed7953"],[0.7777777777777778,"#fb9f3a"],[0.8888888888888888,"#fdca26"],[1.0,"#f0f921"]],"diverging":[[0,"#8e0152"],[0.1,"#c51b7d"],[0.2,"#de77ae"],[0.3,"#f1b6da"],[0.4,"#fde0ef"],[0.5,"#f7f7f7"],[0.6,"#e6f5d0"],[0.7,"#b8e186"],[0.8,"#7fbc41"],[0.9,"#4d9221"],[1,"#276419"]]},"xaxis":{"gridcolor":"white","linecolor":"white","ticks":"","title":{"standoff":15},"zerolinecolor":"white","automargin":true,"zerolinewidth":2},"yaxis":{"gridcolor":"white","linecolor":"white","ticks":"","title":{"standoff":15},"zerolinecolor":"white","automargin":true,"zerolinewidth":2},"scene":{"xaxis":{"backgroundcolor":"#E5ECF6","gridcolor":"white","linecolor":"white","showbackground":true,"ticks":"","zerolinecolor":"white","gridwidth":2},"yaxis":{"backgroundcolor":"#E5ECF6","gridcolor":"white","linecolor":"white","showbackground":true,"ticks":"","zerolinecolor":"white","gridwidth":2},"zaxis":{"backgroundcolor":"#E5ECF6","gridcolor":"white","linecolor":"white","showbackground":true,"ticks":"","zerolinecolor":"white","gridwidth":2}},"shapedefaults":{"line":{"color":"#2a3f5f"}},"annotationdefaults":{"arrowcolor":"#2a3f5f","arrowhead":0,"arrowwidth":1},"geo":{"bgcolor":"white","landcolor":"#E5ECF6","subunitcolor":"white","showland":true,"showlakes":true,"lakecolor":"white"},"title":{"x":0.05},"mapbox":{"style":"light"}}}},                        {"responsive": true}                    )                };                            </script>        </div>